24 0.079106 0.229677 0.051846 0.123871
70 0.142735 0.226452 0.079183 0.130323
32 0.841240 0.231613 0.052789 0.125161
84 0.907697 0.227097 0.078240 0.131613
36 0.874704 0.651613 0.053731 0.121290
88 0.940219 0.648387 0.079183 0.132903
56 0.455695 0.833548 0.058444 0.113548
26 0.527337 0.832258 0.082953 0.118710
4 0.319482 0.482581 0.076355 0.149677
94 0.409505 0.483226 0.075412 0.148387
66 0.500000 0.482581 0.075412 0.147097
72 0.590495 0.481935 0.075412 0.148387
28 0.680047 0.481935 0.075412 0.150968