60 0.079577 0.229032 0.052789 0.120000
34 0.144149 0.226452 0.072584 0.130323
22 0.841711 0.230968 0.051846 0.123871
72 0.907226 0.227097 0.075412 0.129032
46 0.045642 0.653548 0.050903 0.122581
0 0.110685 0.650323 0.077297 0.126452
10 0.456167 0.833548 0.057502 0.116129
56 0.527808 0.830968 0.083896 0.121290
54 0.319953 0.483871 0.075412 0.147097
40 0.409977 0.482581 0.076355 0.147097
2 0.500000 0.481935 0.075412 0.145806
92 0.590495 0.483226 0.077297 0.148387
100 0.680047 0.482581 0.077297 0.149677