50 0.046113 0.653548 0.051846 0.117419
26 0.111156 0.651613 0.078240 0.129032
92 0.842183 0.229677 0.050903 0.123871
14 0.906283 0.225806 0.081068 0.131613
6 0.875176 0.649677 0.050903 0.125161
58 0.938333 0.649677 0.075412 0.130323
100 0.456638 0.834194 0.056559 0.117419
54 0.526394 0.831613 0.084839 0.120000
48 0.319482 0.483871 0.078240 0.149677
80 0.409505 0.481935 0.075412 0.148387
28 0.498586 0.483871 0.078240 0.149677
102 0.590966 0.483226 0.076355 0.145806
44 0.680518 0.483226 0.078240 0.145806