52 0.077692 0.232258 0.050903 0.121290
26 0.141321 0.230968 0.076355 0.126452
50 0.842654 0.230968 0.051846 0.121290
78 0.905341 0.227742 0.071642 0.127742
48 0.876118 0.652903 0.050903 0.126452
100 0.940690 0.650968 0.074470 0.132903
34 0.458523 0.833548 0.054674 0.113548
56 0.529222 0.832903 0.081068 0.117419
86 0.319482 0.483226 0.078240 0.150968
40 0.409977 0.483226 0.078240 0.148387
54 0.500000 0.483226 0.075412 0.148387
20 0.589552 0.485161 0.077297 0.149677
42 0.680047 0.483226 0.077297 0.150968