4 0.189290 0.194782 0.051396 0.120146
56 0.254703 0.192961 0.075692 0.121359
46 0.039308 0.427184 0.054199 0.114078
26 0.104721 0.424150 0.076626 0.125000
78 0.763519 0.682039 0.052330 0.116505
48 0.826596 0.677791 0.075692 0.120146
84 0.528501 0.813714 0.081299 0.117718
30 0.515419 0.618325 0.101857 0.158981
100 0.319648 0.480583 0.078495 0.140777
82 0.409357 0.481796 0.078495 0.138350
34 0.499533 0.475121 0.079430 0.134709
98 0.590643 0.481189 0.076626 0.141990
38 0.680352 0.479976 0.078495 0.139563